112238 471
112240 4
112256 3
16777936 6
16777943 6
16777970 6
16778005 6
16778006 6
16778007 6
16778032 6
16778036 6
16778037 6
16778042 6
16778043 6
16778048 6
16778079 6
16778081 6
16778082 6
16778083 6
16778084 6
16778086 6
16778087 6
16778088 6
16778089 6
16778096 6
16778101 6
16778102 6
16778104 6
16778106 6
16778108 6
16778113 6
16778115 6
16778127 6
16778136 6
16778148 6
16778150 6
16778152 6
16778153 6
16778292 6
16778337 6
16778371 6
16778372 6
16778406 6
16778419 6
16778420 6
16778423 6
16778427 6
16778430 6
16778431 6
16778434 6
16778435 6
16778436 6
16778481 6
16778503 6
16778508 6
16778512 6
16778513 6
16778515 6
16778516 6
16778530 6
16778534 6
16778571 6
16778603 6
16778607 6
16778610 6
16778620 6
16778621 6
16778622 6
16778656 6
16778662 6
16778664 6
16778670 6
16778671 6
16778673 6
16778674 6
16778675 6
16778676 6
16778677 6
16778681 6
16778685 6
16778689 6
16778697 6
16778698 6
16778699 6
16778700 6
16778702 6
16778705 6
16778707 6
16778709 6
16778755 6
16778776 6
16778823 6
16778824 6
16778829 6
16778841 6
16778855 6
16778856 6
16778895 6
16778929 6
16778930 6
16778931 6
16778932 6
16778933 6
16778934 6
16778936 6
16778937 6
16778938 6
16778942 6
16779133 6
16779141 6
16779142 6
16779143 6
16779144 6
16779145 6
16779146 6
16779149 6
16779150 6
16779151 6
16779152 6
16779153 6
16779154 6
16779159 6
16779160 6
16779161 6
16779167 6
16779171 6
16779174 6
16779175 6
16779181 6
16779189 6
16779190 6
16779192 6
16779194 6
16779204 6
16779206 6
16779210 6
16779227 6
16779229 6
16779230 6
16779231 6
16779233 6
16779234 6
16779236 6
16779237 6
16779250 6
16779251 6
16779255 6
16779257 6
16779258 6
16779262 6
16779274 6
16779275 6
16779285 6
16779288 6
16779289 6
16779290 6
16779291 6
16779293 6
16779294 6
16779295 6
16779296 6
16779303 6
16779304 6
16779305 6
16779314 6
16779356 6
16779382 6
16779383 6
16779384 6
16779385 6
16779391 6
16779419 6
16779420 6
16779421 6
16779442 6
16779443 6
16779448 6
16779449 6
16779450 6
16779451 6
16779457 6
16779461 6
16779470 6
16779472 6
16779481 6
16779482 6
16779483 6
16779487 6
16779490 6
16779492 6
16779493 6
16779494 6
16779496 6
16779497 6
16779499 6
16779500 6
16779508 6
16779515 6
16779765 6
16779780 6
16779781 6
16779783 6
16779838 6
16779848 6
16779937 6
16780016 6
16780017 6
16780018 6
16780023 6
16780031 6
16780032 6
16780035 6
16780037 6
16780038 6
16780039 6
16780093 6
16780094 6
16780095 6
16780115 6
16780127 6
16780128 6
16780157 6
16780158 6
16780167 6
16780173 6
16780174 6
16780177 6
16780178 6
16780181 6
16780182 6
16780185 6
16780186 6
16780189 6
16780190 6
16780192 6
16780193 6
16780194 6
16780196 6
16780197 6
16780198 6
16780199 6
16780200 6
16780201 6
16780202 6
16780203 6
16780204 6
16780205 6
16780206 6
16780207 6
16780208 6
16780216 6
16780227 6
16780234 6
16780235 6
16780236 6
16780237 6
16780238 6
16780252 6
16780253 6
16780255 6
16780256 6
16780258 6
16780261 6
16780263 6
16780264 6
16780265 6
16780271 6
16780272 6
16780273 6
16780274 6
16780281 6
16780282 6
16780283 6
16780285 6
16780288 6
16780289 6
16780290 6
16780292 6
16780294 6
16780401 6
16780402 6
16780403 6
16780404 6
16780407 6
16780408 6
16780409 6
16780410 6
16780411 6
16780412 6
16780413 6
16780414 6
16780415 6
16780417 6
16780418 6
16780419 6
16780420 6
16780421 6
16780422 6
16780424 6
16780426 6
16780427 6
16780428 6
16780439 6
16780443 6
16780444 6
16780445 6
16780446 6
16780447 6
16780498 6
16780499 6
16780503 6
16780504 6
16780507 6
16780508 6
16780518 6
16780521 6
16780522 6
16780523 6
16780524 6
16780525 6
16780526 6
16780529 6
16780530 6
16780531 6
16780540 6
16780546 6
16780550 6
16780552 6
16780608 6
16780629 6
16780630 6
16780631 6
16780632 6
16780633 6
16780645 6
16780646 6
16780779 6
16780787 6
16780861 6
16780863 6
16780867 6
16780868 6
16780869 6
16780870 6
16780871 6
16780872 6
16780956 6
16780964 6
16781118 6
16781201 6
16781251 6
16781252 6
16781253 6
16781254 6
16781255 6
16781256 6
16781257 6
16781258 6
16781259 6
16781260 6
16781261 6
16781262 6
16781263 6
16781264 6
16781265 6
16781266 6
16781267 6
16781268 6
16781270 6
16781271 6
16781273 6
16781274 6
16781275 6
16781276 6
16781277 6
16781278 6
16781279 6
16781280 6
16781281 6
16781282 6
16781283 6
16781284 6
16781285 6
16781286 6
16781287 6
16781288 6
16781289 6
16781290 6
16781291 6
16781292 6
16781293 6
16781294 6
16781295 6
16781296 6
16781298 6
16781299 6
16781300 6
16781303 6
16781304 6
16781305 6
16781306 6
16781307 6
16781506 6
16781519 6
16781650 6
16781652 6
16781653 6
16781655 6
16781660 6
16781661 6
16781662 6
16781663 6
16781664 6
16781665 6
16781670 6
16781679 6
16781680 6
16781681 6
16781690 6
16781693 6
16781750 6
16781777 6
16781778 6
16781780 6
16781782 6
16781783 6
16781785 6
16781786 6
16781787 6
16781791 6
16781792 6
16781793 6
16781876 6
16781877 6
16781892 6
16781911 6
16781912 6
16781913 6
16781915 6
16781917 6
16781921 6
16781922 6
16781923 6
16781924 6
16781925 6
16781926 6
16781927 6
16781928 6
16781929 6
16781930 6
16781931 6
16781932 6
16781933 6
16781934 6
16781935 6
16781936 6
16781937 6
16781938 6
16781941 6
16781942 6
16781943 6
16781945 6
16781947 6
16781948 6
16781949 6
16781950 6
16781951 6
16781952 6
16781953 6
16781954 6
16781983 6
16781984 6
16781987 6
16781988 6
16782001 6
16782077 6
16782165 6
16782214 6
16782215 6
16782217 6
16782218 6
16782219 6
16782223 6
16782225 6
16782227 6
16782285 6
16782287 6
16782327 6
16782328 6
16782398 6
16782399 6
16782403 6
16782407 6
16782408 6
16782409 6
16782410 6
16782411 6
16782412 6
16782413 6
16782414 6
16782415 6
16782416 6
16782417 6
16782418 6
16782423 6
16782428 6
16782429 6
16782430 6
16782431 6
16782432 6
16782459 6
16782470 6
16782472 6
16782482 6
16782483 6
16782603 6
16782620 6
16782638 6
16782639 6
16782641 6
16782642 6
16782659 6
16782660 6
16782960 6
16782965 6
16782966 6
16782967 6
16782968 6
16783159 6
16783183 6
16783185 6
16783186 6
16783187 6
16783191 6
16783303 6
16783310 6
16783395 6
16783396 6
16783411 6
16783413 6
16783415 6
16783416 6
16783420 6
16783421 6
16783436 6
16783442 6
16783482 6
16783483 6
16783484 6
16783485 6
16783530 6
16783531 6
16783534 6
16783535 6
16783536 6
16783537 6
16783539 6
16783540 6
16783548 6
16783549 6
16783551 6
16783552 6
16783553 6
16783556 6
16783557 6
16783594 6
16783595 6
16783596 6
16783597 6
16783598 6
16783599 6
16783602 6
16783603 6
16783604 6
16783605 6
16783608 6
16783609 6
16783610 6
16783611 6
16783612 6
16783613 6
16783614 6
16783615 6
16783616 6
16783618 6
16783619 6
16783620 6
16783621 6
16783622 6
16783623 6
16783624 6
16783625 6
16783626 6
16783627 6
16783628 6
16783629 6
16783630 6
16783631 6
16783632 6
16783633 6
16783634 6
16783635 6
16783636 6
16783637 6
16783638 6
16783639 6
16783640 6
16783641 6
16783642 6
16783643 6
16783644 6
16783645 6
16783646 6
16783647 6
16783648 6
16783649 6
16783662 6
16783663 6
16783664 6
16783665 6
16783675 6
16783676 6
16783677 6
16783679 6
16783681 6
16783685 6
16783688 6
16783689 6
16783696 6
16783697 6
16783720 6
16783721 6
16783727 6
16783728 6
16783743 6
16783744 6
16783747 6
16783752 6
16783753 6
16783754 6
16783755 6
16783756 6
16783757 6
16783758 6
16783759 6
16783761 6
16783762 6
16783763 6
16783764 6
16783766 6
16783767 6
16783768 6
16783769 6
16783770 6
16783772 6
16783773 6
16783774 6
16783775 6
16783776 6
16783777 6
16783778 6
16783779 6
16783780 6
16783781 6
16783783 6
16783784 6
16783785 6
16783786 6
16783787 6
16783788 6
16783789 6
16783790 6
16783791 6
16783792 6
16783793 6
16783794 6
16783796 6
16783797 6
16783798 6
16783799 6
16783800 6
16783801 6
16783802 6
16783803 6
16783806 6
16783807 6
16783808 6
16783809 6
16783810 6
16783811 6
16783812 6
16783813 6
16783814 6
16783815 6
16783816 6
16783817 6
16783818 6
16783819 6
16783820 6
16783821 6
16783823 6
16783824 6
16783825 6
16783826 6
16783827 6
16783828 6
16783829 6
16783830 6
16783831 6
16783832 6
16783833 6
16783838 6
16783843 6
16783844 6
16783845 6
16783846 6
16783847 6
16783848 6
16783849 6
16783857 6
16783858 6
16783876 6
16783895 6
16783897 6
16783901 6
16783902 6
16783903 6
16783959 6
16784117 6
16784118 6
16784119 6
16784120 6
16784121 6
16784122 6
16784123 6
16784124 6
16784125 6
16784126 6
16784127 6
16784214 6
16784216 6
16784217 6
16784218 6
16784219 6
16784220 6
16784324 6
16784326 6
16784327 6
16784328 6
16784329 6
16784446 6
16784546 6
16784547 6
16784548 6
16784569 6
16784570 6
16784571 6
16784572 6
16784573 6
16784582 6
16784583 6
16784584 6
16784585 6
16784586 6
16784622 6
16784623 6
16784624 6
16784625 6
16784626 6
16784627 6
16784628 6
16784629 6
16784630 6
16784631 6
16784632 6
16784633 6
16784634 6
16784635 6
16784636 6
16784637 6
16784638 6
16784639 6
16784640 6
16784645 6
16784646 6
16784647 6
16784648 6
16784649 6
16784650 6
16784651 6
16784652 6
16784653 6
16784654 6
16784655 6
16784656 6
16784657 6
16784659 6
16784660 6
16784661 6
16784662 6
16784663 6
16784664 6
16784670 6
16784671 6
16784672 6
16784673 6
16784674 6
16784675 6
16784676 6
16784677 6
16784678 6
16784679 6
16784681 6
16784684 6
16784685 6
16784686 6
16784687 6
16784688 6
16784689 6
16784690 6
16784691 6
16784692 6
16784693 6
16784694 6
16784695 6
16784696 6
16784697 6
16784698 6
16784699 6
16784700 6
16784701 6
16784702 6
16784703 6
16784704 6
16784705 6
16784706 6
16784707 6
16784708 6
16784709 6
16784710 6
16784711 6
16784712 6
16784733 6
16784734 6
16784735 6
16784736 6
16784737 6
16784738 6
16784739 6
16784740 6
16784741 6
16784742 6
16784743 6
16784744 6
16784745 6
16784746 6
16784747 6
16784748 6
16784749 6
16784750 6
16784751 6
16784752 6
16784753 6
16784754 6
16784755 6
16784756 6
16784757 6
16784758 6
16784759 6
16784760 6
16784761 6
16784762 6
16784768 6
16784769 6
16784773 6
16784775 6
16784822 6
16784823 6
16784827 6
16784898 6
16784899 6
16784942 6
16784946 6
16784950 6
16785222 6
16785287 6
16785322 6
16785323 6
16785324 6
16785325 6
16785326 6
16785327 6
16785328 6
16785329 6
16785330 6
16785331 6
16785332 6
16785333 6
16785334 6
16785335 6
16785336 6
16785337 6
16785338 6
16785339 6
16785340 6
16785341 6
16785342 6
16785343 6
16785344 6
16785345 6
16785346 6
16785347 6
16785348 6
16785349 6
16785350 6
16785351 6
16785353 6
16785354 6
16785355 6
16785356 6
16785357 6
16785358 6
16785359 6
16785360 6
16785372 6
16785373 6
16785374 6
16785375 6
16785376 6
16785377 6
16785378 6
16785379 6
16785394 6
16785396 6
16785399 6
16785400 6
16785402 6
16785404 6
16785406 6
16785410 6
16785412 6
16785415 6
16785461 6
16785462 6
16785463 6
16785464 6
16785465 6
16785466 6
16785467 6
16785468 6
16785469 6
16785470 6
16785471 6
16785472 6
16785473 6
16785474 6
16785475 6
16785476 6
16785477 6
16785478 6
16785479 6
16785480 6
16785481 6
16785482 6
16785483 6
16785484 6
16785485 6
16785486 6
16785487 6
16785488 6
16785489 6
16785490 6
16785491 6
16785492 6
16785493 6
16785494 6
16785495 6
16785496 6
16785497 6
16785498 6
16785499 6
16785500 6
16785501 6
16785502 6
16785503 6
16785504 6
16785505 6
16785506 6
16785507 6
16785508 6
16785509 6
16785510 6
16785511 6
16785512 6
16785513 6
16785514 6
16785515 6
16785516 6
16785517 6
16785518 6
16785519 6
16785520 6
16785521 6
16785522 6
16785523 6
16785524 6
16785525 6
16785526 6
16785527 6
16785528 6
16785529 6
16785530 6
16785531 6
16785532 6
16785533 6
16785534 6
16785535 6
16785536 6
16785566 6
16786501 6
16786502 6
16786503 6
16786504 6
16786505 6
16786506 6
16786507 6
16786508 6
16786575 6
16786601 6
16786611 6
16786618 6
16786621 6
16786649 6
16786650 6
16786651 6
16786661 6
16786662 6
16786665 6
16786666 6
16786668 6
16786669 6
16786670 6
16786702 6
16786704 6
16786751 6
16786752 6
16786824 6
16786825 6
16786963 6
16786964 6
16786965 6
16786969 6
16786972 6
16786973 6
16786979 6
16786980 6
16786981 6
16786982 6
16786983 6
16786984 6
16786986 6
16786987 6
16786988 6
16786989 6
16786990 6
16786991 6
16786992 6
16786993 6
16786994 6
16786995 6
16786996 6
16786997 6
16786998 6
16786999 6
16787000 6
16787001 6
16787002 6
16787003 6
16787004 6
16787005 6
16787006 6
16787007 6
16787008 6
16787009 6
16787010 6
16787011 6
16787012 6
16787013 6
16787014 6
16787015 6
16787017 6
16787018 6
16787019 6
16787020 6
16787021 6
16787022 6
16787023 6
16787024 6
16787025 6
16787026 6
16787027 6
16787028 6
16787029 6
16787030 6
16787031 6
16787032 6
16787033 6
16787034 6
16787035 6
16787036 6
16787037 6
16787038 6
16787039 6
16787040 6
16787041 6
16787042 6
16787043 6
16787044 6
16787045 6
16787046 6
16787047 6
16787048 6
16787049 6
16787050 6
16787051 6
16787052 6
16787053 6
16787054 6
16787055 6
16787056 6
16787057 6
16787058 6
16787059 6
16787060 6
16787061 6
16787062 6
16787063 6
16787064 6
16787065 6
16787066 6
16787067 6
16787068 6
16787069 6
16787070 6
16787071 6
16787072 6
16787073 6
16787074 6
16787075 6
16787076 6
16787077 6
16787078 6
16787079 6
16787080 6
16787081 6
16787082 6
16787083 6
16787084 6
16787085 6
16787086 6
16787087 6
16787088 6
16787089 6
16787090 6
16787091 6
16787092 6
16787093 6
16787094 6
16787095 6
16787096 6
16787097 6
16787099 6
16787100 6
16787101 6
16787102 6
16787103 6
16787105 6
16787106 6
16787107 6
16787108 6
16787109 6
16787110 6
16787111 6
16787112 6
16787113 6
16787114 6
16787115 6
16787116 6
16787117 6
16787118 6
16787119 6
16787120 6
16787121 6
16787122 6
16787123 6
16787124 6
16787125 6
16787126 6
16787127 6
16787128 6
16787129 6
16787131 6
16787132 6
16787133 6
16787134 6
16787135 6
16787136 6
16787137 6
16787138 6
16787139 6
16787140 6
16787141 6
16787142 6
16787143 6
16787144 6
16787145 6
16787146 6
16787147 6
16787148 6
16787149 6
16787150 6
16787151 6
16787152 6
16787153 6
16787154 6
16787155 6
16787156 6
16787157 6
16787158 6
16787159 6
16787160 6
16787161 6
16787162 6
16787163 6
16787164 6
16787165 6
16787166 6
16787167 6
16787168 6
16787169 6
16787170 6
16787171 6
16787172 6
16787173 6
16787174 6
16787175 6
16787176 6
16787177 6
16787178 6
16787179 6
16787180 6
16787181 6
16787182 6
16787183 6
16787184 6
16787185 6
16787186 6
16787187 6
16787188 6
16787189 6
16787190 6
16787273 6
16787274 6
16787275 6
16787276 6
16787277 6
16787278 6
16787279 6
16787280 6
16787281 6
16787282 6
16787283 6
16787284 6
16787285 6
16787286 6
16787287 6
16787288 6
16787289 6
16787290 6
16787291 6
16787292 6
16787293 6
16787294 6
16787295 6
16787296 6
16787297 6
16787298 6
16787299 6
16787300 6
16787301 6
16787302 6
16787303 6
16787304 6
16787305 6
16787306 6
16787307 6
16787308 6
16787309 6
16787310 6
16787311 6
16787312 6
16787313 6
16787314 6
16787315 6
16787316 6
16787317 6
16787318 6
16787319 6
16787320 6
16787321 6
16787322 6
16787323 6
16787324 6
16787325 6
16787326 6
16787327 6
16787328 6
16787329 6
16787334 6
16787335 6
16787336 6
16787337 6
16787338 6
16787339 6
16787340 6
16787341 6
16787342 6
16787343 6
16787344 6
16787345 6
16787346 6
16787347 6
16787348 6
16787349 6
16787350 6
16787351 6
16787352 6
16787353 6
16787354 6
16787355 6
16787356 6
16787357 6
16787358 6
16787360 6
16787361 6
16787362 6
16787363 6
16787364 6
16787365 6
16787366 6
16787367 6
16787368 6
16787369 6
16787370 6
16787371 6
16787372 6
16787373 6
16787374 6
16787375 6
16787376 6
16787377 6
16787378 6
16787379 6
16787380 6
16787381 6
16787382 6
16787383 6
16787384 6
16787385 6
16787386 6
16787387 6
16787388 6
16787389 6
16787390 6
16787391 6
16787392 6
16787393 6
16787394 6
16787395 6
16787396 6
16787397 6
16787398 6
16787399 6
16787400 6
16787401 6
16787402 6
16787403 6
16787404 6
16787405 6
16787406 6
16787407 6
16787408 6
16787409 6
16787410 6
16787411 6
16787412 6
16787413 6
16787414 6
16787415 6
16787416 6
16787417 6
16787418 6
16787419 6
16787420 6
16787421 6
16787422 6
16787423 6
16787424 6
16787425 6
16787426 6
16787427 6
16787428 6
16787429 6
16787430 6
16787431 6
16787432 6
16787433 6
16787434 6
16787435 6
16787436 6
16787437 6
16787438 6
16787439 6
16787440 6
16787441 6
16787442 6
16787443 6
16787444 6
16787445 6
16787446 6
16787447 6
16787448 6
16787449 6
16787450 6
16787451 6
16787452 6
16787453 6
16787454 6
16787455 6
16787456 6
16787457 6
16787458 6
16787459 6
16787460 6
16787461 6
16787462 6
16787463 6
16787464 6
16787466 6
16787467 6
16787468 6
16787469 6
16787470 6
16787471 6
16787472 6
16787473 6
16787474 6
16787475 6
16787476 6
16787477 6
16787478 6
16787479 6
16787481 6
16787482 6
16787483 6
16787484 6
16787485 6
16787486 6
16787487 6
16787488 6
16787489 6
16787490 6
16787491 6
16787492 6
16787493 6
16787494 6
16787495 6
16787496 6
16787497 6
16787498 6
16787503 6
16787504 6
16787505 6
16787578 6
16787579 6
16787580 6
16787581 6
16787582 6
16787583 6
16787584 6
16787585 6
16787586 6
16787587 6
16787588 6
16787589 6
16787590 6
16787591 6
16787592 6
16787593 6
16787594 6
16787595 6
16787596 6
16787597 6
16787598 6
16787599 6
16787601 6
16787602 6
16787603 6
16787604 6
16787605 6
16787606 6
16787607 6
16787615 6
16787616 6
16787617 6
16787618 6
16787619 6
16787620 6
16787622 6
16787624 6
16787625 6
16787626 6
16787627 6
16787628 6
16787629 6
16787769 6
16787770 6
16787873 6
16787874 6
16788135 6
16788337 6
16788338 6
16788518 6
16789027 6
16789118 6
16789120 6
16789181 6
16789183 6
16789184 6
16789185 6
16789186 6
16789187 6
16789188 6
16789189 6
16789190 6
16789191 6
16789192 6
16789193 6
16789194 6
16789195 6
16789196 6
16789197 6
16789198 6
16789199 6
16789200 6
16789201 6
16789202 6
16789203 6
16789204 6
16789205 6
16789206 6
16789207 6
16789208 6
16789209 6
16789210 6
16789211 6
16789212 6
16789213 6
16789214 6
16789215 6
16789217 6
16789218 6
16789220 6
16789221 6
16789222 6
16789223 6
16789224 6
16789225 6
16789226 6
16789227 6
16789228 6
16789229 6
16789230 6
16789231 6
16789232 6
16789233 6
16789235 6
16789236 6
16789238 6
16789239 6
16789240 6
16789241 6
16789242 6
16789243 6
16789244 6
16789245 6
16789246 6
16789247 6
16789248 6
16789250 6
16789251 6
16789252 6
16789255 6
16789256 6
16789258 6
16789259 6
16789260 6
16789261 6
16789262 6
16789263 6
16789264 6
16789268 6
16789269 6
16789270 6
16789271 6
16789272 6
16789273 6
16789274 6
16789844 6
16790190 6
16790191 6
16790193 6
16790194 6
16790195 6
16790198 6
16790199 6
16790200 6
16790201 6
16790203 6
16790204 6
16790205 6
16790208 6
16790210 6
16790212 6
16790213 6
16790214 6
16790215 6
16790216 6
16790218 6
16790219 6
16790220 6
16790221 6
16790222 6
16790223 6
16790224 6
16790225 6
16790226 6
16790227 6
16790228 6
16790229 6
16790230 6
16790231 6
16790232 6
16790233 6
16790234 6
16790235 6
16790236 6
16790237 6
16790238 6
16790239 6
16790240 6
16790241 6
16790242 6
16790243 6
16790244 6
16790245 6
16790246 6
16790247 6
16790248 6
16790249 6
16790250 6
16790251 6
16790252 6
16790253 6
16790254 6
16790255 6
16790256 6
16790257 6
16790258 6
16790259 6
16790260 6
16790261 6
16790262 6
16790263 6
16790264 6
16790265 6
16790267 6
16790268 6
16790269 6
16790270 6
16790271 6
16790272 6
16790273 6
16790274 6
16790275 6
16790276 6
16790278 6
16790279 6
16790280 6
16790281 6
16790282 6
16790283 6
16790284 6
16790286 6
16790287 6
16790288 6
16790289 6
16790290 6
16790292 6
16790293 6
16790295 6
16790297 6
16790298 6
16790299 6
16790300 6
16790301 6
16790303 6
16790304 6
16790305 6
16790307 6
16790309 6
16790310 6
16790311 6
16790312 6
16790313 6
16790315 6
16790316 6
16790317 6
16790318 6
16790319 6
16790321 6
16790322 6
16790324 6
16790325 6
16790326 6
16790327 6
16790328 6
16790329 6
16790330 6
16790331 6
16790333 6
16790334 6
16790335 6
16790336 6
16790337 6
16790338 6
16790339 6
16790340 6
16790341 6
16790342 6
16790343 6
16790344 6
16790345 6
16790346 6
16790347 6
16790348 6
16790350 6
16790351 6
16790352 6
16790353 6
16790354 6
16790355 6
16790360 6
16790361 6
16790362 6
16790415 6
16790461 6
16791241 6
16791306 6
16791307 6
16791310 6
16791312 6
16791313 6
16791325 6
16791329 6
16791330 6
16791333 6
16791335 6
16791336 6
16791337 6
16791338 6
16791339 6
16791340 6
16791341 6
16791343 6
16791345 6
16791347 6
16791349 6
16791361 6
16791363 6
16791364 6
16791365 6
16791366 6
16791367 6
16791375 6
16791376 6
16791377 6
16791378 6
16791379 6
16791380 6
16791381 6
16791382 6
16791383 6
16791384 6
16791387 6
16791388 6
16791389 6
16791390 6
16791391 6
16791392 6
16791393 6
16791394 6
16791395 6
16791396 6
16791397 6
16791398 6
16791399 6
16791400 6
16791401 6
16791402 6
16791403 6
16791404 6
16791405 6
16791406 6
16791407 6
16791408 6
16791409 6
16791410 6
16791411 6
16791412 6
16791413 6
16791414 6
16791415 6
16791416 6
16791417 6
16791418 6
16791419 6
16791420 6
16791421 6
16791422 6
16791423 6
16791424 6
16791425 6
16791426 6
16791427 6
16791428 6
16791429 6
16791430 6
16791431 6
16791432 6
16791433 6
16791434 6
16791435 6
16791436 6
16791437 6
16791438 6
16791439 6
16791440 6
16791441 6
16791442 6
16791444 6
16791445 6
16791446 6
16791447 6
16791448 6
16791449 6
16791450 6
16791451 6
16791452 6
16791453 6
16791454 6
16791455 6
16791456 6
16791457 6
16791458 6
16791459 6
16791460 6
16791461 6
16791462 6
16791463 6
16791464 6
16791465 6
16791466 6
16791467 6
16791468 6
16791469 6
16791470 6
16791471 6
16791473 6
16791474 6
16791475 6
16791476 6
16791477 6
16791478 6
16791479 6
16791480 6
16791481 6
16791482 6
16791483 6
16791484 6
16791485 6
16791486 6
16791487 6
16791488 6
16791489 6
16791490 6
16791491 6
16791492 6
16791493 6
16791494 6
16791495 6
16791496 6
16791497 6
16791498 6
16791499 6
16791500 6
16791501 6
16791502 6
16791503 6
16791504 6
16791505 6
16791506 6
16791507 6
16791508 6
16791509 6
16791510 6
16791511 6
16791512 6
16791513 6
16791514 6
16791515 6
16791516 6
16791517 6
16791518 6
16791519 6
16791520 6
16791521 6
16791522 6
16791523 6
16791524 6
16791525 6
16791526 6
16791527 6
16791528 6
16791529 6
16791530 6
16791531 6
16791532 6
16791533 6
16791534 6
16791535 6
16791536 6
16791537 6
16791538 6
16791539 6
16791540 6
16791541 6
16791542 6
16791543 6
16791544 6
16791545 6
16791546 6
16791547 6
16791548 6
16791549 6
16791550 6
16791551 6
16791552 6
16791553 6
16791580 6
16791581 6
16791582 6
16791583 6
16791585 6
16791586 6
16791587 6
16791588 6
16791589 6
16791590 6
16791591 6
16791592 6
16791593 6
16791594 6
16791595 6
16791596 6
16791613 6
16791614 6
16791615 6
16791616 6
16791617 6
16791618 6
16791619 6
16791620 6
16791621 6
16791622 6
16791623 6
16791624 6
16791625 6
16791626 6
16791627 6
16791628 6
16791629 6
16791630 6
16791631 6
16791632 6
16791633 6
16791634 6
16791635 6
16791636 6
16791637 6
16791638 6
16791639 6
16791640 6
16791641 6
16791642 6
16791643 6
16791644 6
16791645 6
16791646 6
16791647 6
16791648 6
16791649 6
16791650 6
16791651 6
16791652 6
16791653 6
16791654 6
16791655 6
16791656 6
16791657 6
16791658 6
16791659 6
16791660 6
16791661 6
16791662 6
16791663 6
16791664 6
16791665 6
16791666 6
16791667 6
16791668 6
16791669 6
16791670 6
16791671 6
16791672 6
16791673 6
16791674 6
16791675 6
16791676 6
16791677 6
16791678 6
16791679 6
16791680 6
16791681 6
16791765 6
16791775 6
16791776 6
16791777 6
16791778 6
16791779 6
16791780 6
16791781 6
16791782 6
16791783 6
16791784 6
16791785 6
16791786 6
16791787 6
16791788 6
16791789 6
16791790 6
16791794 6
16791795 6
16791796 6
16791797 6
16791798 6
16791799 6
16791800 6
16791801 6
16791803 6
16791804 6
16791805 6
16791806 6
16791807 6
16791808 6
16791809 6
16791810 6
16791811 6
16791812 6
16791814 6
16791815 6
16791816 6
16791817 6
16791818 6
16791819 6
16791820 6
16791821 6
16791822 6
16791823 6
16791824 6
16791869 6
16791870 6
16791871 6
16791872 6
16791873 6
16791874 6
16791875 6
16791876 6
16791878 6
16791879 6
16791880 6
16791881 6
16791882 6
16791883 6
16791884 6
16791885 6
16791886 6
16791887 6
16791888 6
16791889 6
16791891 6
16791892 6
16791893 6
16791894 6
16791896 6
16791897 6
16791898 6
16791899 6
16791900 6
16791901 6
16791902 6
16791903 6
16791904 6
16791938 6
16791939 6
16791940 6
16791941 6
16791942 6
16791945 6
16791946 6
16791958 6
16791959 6
16791960 6
16791961 6
16791962 6
16791963 6
16791964 6
16791965 6
16791966 6
16791967 6
16791968 6
16791969 6
16791970 6
16791971 6
16791972 6
16791973 6
16791974 6
16791975 6
16791976 6
16791977 6
16791978 6
16791979 6
16791980 6
16791981 6
16791982 6
16791983 6
16791984 6
16791985 6
16791986 6
16791987 6
16791988 6
16791989 6
16791990 6
16791991 6
16791992 6
16791993 6
16791994 6
16791995 6
16791996 6
16791997 6
16791998 6
16791999 6
16792000 6
16792001 6
16792002 6
16792003 6
16792004 6
16792005 6
16792006 6
16792007 6
16792008 6
16792009 6
16792010 6
16792011 6
16792012 6
16792013 6
16792014 6
16792015 6
16792016 6
16792017 6
16792018 6
16792019 6
16792020 6
16792021 6
16792022 6
16792023 6
16792024 6
16792025 6
16792026 6
16792027 6
16792028 6
16792029 6
16792030 6
16792031 6
16792032 6
16792033 6
16792037 6
16792041 6
16792042 6
16792043 6
16792044 6
16792045 6
16792046 6
16792047 6
16792048 6
16792049 6
16792050 6
16792051 6
16792054 6
16792055 6
16792056 6
16792057 6
16792058 6
16792059 6
16792060 6
16792062 6
16792063 6
16792064 6
16792065 6
16792066 6
16792067 6
16792068 6
16792069 6
16792070 6
16792071 6
16792072 6
16792073 6
16792074 6
16792075 6
16792076 6
16792077 6
16792078 6
16792079 6
16792081 6
16792082 6
16792084 6
16792085 6
16792111 6
16792112 6
16792113 6
16792114 6
16792115 6
16792116 6
16792117 6
16792118 6
16792119 6
16792120 6
16792121 6
16792122 6
16792123 6
16792124 6
16792125 6
16792126 6
16792127 6
16792128 6
16792129 6
16792130 6
16792131 6
16792132 6
16792133 6
16792134 6
16792135 6
16792136 6
16792137 6
16792138 6
16792139 6
16792140 6
16792141 6
16792142 6
16792143 6
16792144 6
16792145 6
16792146 6
16792147 6
16792148 6
16792149 6
16792150 6
16792151 6
16792152 6
16792153 6
16792154 6
16792155 6
16792156 6
16792157 6
16792158 6
16792159 6
16792160 6
16792161 6
16792162 6
16792163 6
16792164 6
16792165 6
16792166 6
16792167 6
16792168 6
16792169 6
16792170 6
16792171 6
16792172 6
16792173 6
16792174 6
16792175 6
16792176 6
16792177 6
16792178 6
16792179 6
16792180 6
16792181 6
16792182 6
16792183 6
16792184 6
16792185 6
16792186 6
16792187 6
16792188 6
16792189 6
16792190 6
16792191 6
16792192 6
16792193 6
16792194 6
16792195 6
16792196 6
16792197 6
16792198 6
16792199 6
16792225 6
16792226 6
16792227 6
16792228 6
16792230 6
16792232 6
16792233 6
16792234 6
16792326 6
16792327 6
16792328 6
16792329 6
16792330 6
16792331 6
16792332 6
16792333 6
16792334 6
16792335 6
16792336 6
16792337 6
16792338 6
16792339 6
16792340 6
16792341 6
16792342 6
16792343 6
16792344 6
16792345 6
16792346 6
16792347 6
16792348 6
16792349 6
16792350 6
16792351 6
16792352 6
16792353 6
16792355 6
16792356 6
16792358 6
16792359 6
16792360 6
16792361 6
16792362 6
16792363 6
16792364 6
16792365 6
16792366 6
16792367 6
16792368 6
16792369 6
16792370 6
16792371 6
16792372 6
16792373 6
16792374 6
16792375 6
16792376 6
16792377 6
16792378 6
16792379 6
16792380 6
16792381 6
16792382 6
16792383 6
16792384 6
16792385 6
16792386 6
16792387 6
16792388 6
16792389 6
16792390 6
16792391 6
16792392 6
16792393 6
16792394 6
16792395 6
16792397 6
16792398 6
16792399 6
16792400 6
16792401 6
16792402 6
16792403 6
16792404 6
16792405 6
16792406 6
16792407 6
16792408 6
16792409 6
16792410 6
16792411 6
16792426 6
16792428 6
16792429 6
16792430 6
16792431 6
16792432 6
16792433 6
16792434 6
16792435 6
16792436 6
16792437 6
16792438 6
16792439 6
16792441 6
16792442 6
16792443 6
16792444 6
16792445 6
16792446 6
16792447 6
16792448 6
16792449 6
16792450 6
16792451 6
16792452 6
16792453 6
16792454 6
16792455 6
16792456 6
16792457 6
16792458 6
16792459 6
16792460 6
16792461 6
16792462 6
16792463 6
16792464 6
16792465 6
16792466 6
16792467 6
16792468 6
16792469 6
16792470 6
16792471 6
16792472 6
16792473 6
16792474 6
16792475 6
16792476 6
16792477 6
16792478 6
16792479 6
16792480 6
16792481 6
16792482 6
16792483 6
16792484 6
16792485 6
16792486 6
16792487 6
16792488 6
16792489 6
16792490 6
16792491 6
16792492 6
16792494 6
16792495 6
16792496 6
16792497 6
16792498 6
16792499 6
16792500 6
16792501 6
16792502 6
16792503 6
16792504 6
16792505 6
16792507 6
16792510 6
16792511 6
16792512 6
16792514 6
16792519 6
16792520 6
16792521 6
16792522 6
16792523 6
16792524 6
16792525 6
16792526 6
16792527 6
16792528 6
16792538 6
16792539 6
16792541 6
16792545 6
16792546 6
16792547 6
16792548 6
16792549 6
16792550 6
16792552 6
16792553 6
16792554 6
16792555 6
16792556 6
16792557 6
16792558 6
16792559 6
16792560 6
16792561 6
16792562 6
16792563 6
16792564 6
16792565 6
16792566 6
16792567 6
16792568 6
16792569 6
16792570 6
16792571 6
16792572 6
16792573 6
16792574 6
16792575 6
16792576 6
16792577 6
16792578 6
16792579 6
16792580 6
16792581 6
16792582 6
16792583 6
16792584 6
16792585 6
16792586 6
16792587 6
16792588 6
16792589 6
16792590 6
16792591 6
16792592 6
16792593 6
16792594 6
16792595 6
16792596 6
16792597 6
16792598 6
16792599 6
16792600 6
16792601 6
16792602 6
16792603 6
16792605 6
16792606 6
16792607 6
16792608 6
16792609 6
16792610 6
16792611 6
16792640 6
16792641 6
16792642 6
16792643 6
16792644 6
16792645 6
16792646 6
16792647 6
16792648 6
16792649 6
16792650 6
16792651 6
16792652 6
16792653 6
16792654 6
16792655 6
16792656 6
16792657 6
16792658 6
16792659 6
16792660 6
16792661 6
16792665 6
16792666 6
16792667 6
16792668 6
16792669 6
16792693 6
16792695 6
16792701 6
16792702 6
16792703 6
16792704 6
16792705 6
16792707 6
16792708 6
16792709 6
16792710 6
16792711 6
16792713 6
16792714 6
16792715 6
16792716 6
16792717 6
16792718 6
16792719 6
16792720 6
16792722 6
16792723 6
16792724 6
16792725 6
16792726 6
16792727 6
16792728 6
16792729 6
16792730 6
16792731 6
16792732 6
16792733 6
16792734 6
16792735 6
16792736 6
16792737 6
16792738 6
16792739 6
16792740 6
16792741 6
16792742 6
16792743 6
16792744 6
16792745 6
16792746 6
16792747 6
16792748 6
16792749 6
16792750 6
16792751 6
16792752 6
16792753 6
16792754 6
16792755 6
16792756 6
16792757 6
16792758 6
16792759 6
16792760 6
16792761 6
16792762 6
16792763 6
16792764 6
16792765 6
16792766 6
16792767 6
16792768 6
16792769 6
16792770 6
16792771 6
16792772 6
16792773 6
16792774 6
16792775 6
16792776 6
16792777 6
16792778 6
16792779 6
16792781 6
16792782 6
16792783 6
16792784 6
16792785 6
16792786 6
16792787 6
16792788 6
16792789 6
16792790 6
16792791 6
16792792 6
16792793 6
16792794 6
16792795 6
16792796 6
16792797 6
16792798 6
16792799 6
16792800 6
16792805 6
16792806 6
16792807 6
16792808 6
16792809 6
16792810 6
16792811 6
16792812 6
16792813 6
16792814 6
16792815 6
16792816 6
16792817 6
16792818 6
16792819 6
16792820 6
16792821 6
16792822 6
16792823 6
16792824 6
16792825 6
16792826 6
16792827 6
16792828 6
16792829 6
16792830 6
16792831 6
16792832 6
16792833 6
16792834 6
16792835 6
16792836 6
16792837 6
16792838 6
16792839 6
16792840 6
16792841 6
16792842 6
16792843 6
16792844 6
16792845 6
16792846 6
16792847 6
16792848 6
16792849 6
16792850 6
16792851 6
16792852 6
16792853 6
16792854 6
16792855 6
16792856 6
16792857 6
16792858 6
16792859 6
16792860 6
16792861 6
16792862 6
16792863 6
16792864 6
16792865 6
16792866 6
16792867 6
16792868 6
16792869 6
16792870 6
16792871 6
16792872 6
16792873 6
16792874 6
16792875 6
16792876 6
16792877 6
16792878 6
16792879 6
16792880 6
16792881 6
16792882 6
16792883 6
16792884 6
16792885 6
16792886 6
16792887 6
16792888 6
16792889 6
16792890 6
16792891 6
16792892 6
16792893 6
16792894 6
16792895 6
16792896 6
16792897 6
16792898 6
16792899 6
16792900 6
16792901 6
16792902 6
16792903 6
16792909 6
16792910 6
16793103 6
16793106 6
16793107 6
16793108 6
16793109 6
16793110 6
16793111 6
16793159 6
16793181 6
16793206 6
16793207 6
16793882 6
16793883 6
16793884 6
16793885 6
16793886 6
16793887 6
16793888 6
16793889 6
16793890 6
16793891 6
16793892 6
16793893 6
16793894 6
16793895 6
16793896 6
16793897 6
16793898 6
16793899 6
16793900 6
16793901 6
16793902 6
16793903 6
16793904 6
16793905 6
16793906 6
16793907 6
16793908 6
16793909 6
16793910 6
16793911 6
16793912 6
16793913 6
16793914 6
16793915 6
16793916 6
16793917 6
16793918 6
16793919 6
16793920 6
16793921 6
16793922 6
16793923 6
16793924 6
16793925 6
16793926 6
16793927 6
16793928 6
16793929 6
16793930 6
16793931 6
16793932 6
16793933 6
16793934 6
16793935 6
16793936 6
16793937 6
16793938 6
16793939 6
16793940 6
16793941 6
16793942 6
16793943 6
16793944 6
16793945 6
16793946 6
16793947 6
16793948 6
16793949 6
16793950 6
16793951 6
16793952 6
16793953 6
16794910 6
16794911 6
16794921 6
16794959 6
16794969 6
16795138 6
16795826 6
16795827 6
16795828 6
16795925 6
16795926 6
16795927 6
16795928 6
16796608 6
16797024 6
16798740 6
16798741 6
16800921 6
16800925 6
16800926 6
16801438 6
16985640 6
16988488 6
16988489 6
16988716 6
16989072 6
16989073 6
16989796 6
16989797 6
16989798 6
16989799 6
16989800 6
16989801 6
16989802 6
16989803 6
16989939 6
16989940 6
16989942 6
16990638 6
16990660 6
16990661 6
16990662 6
16990778 6
16990782 6
16990783 6
16990784 6
16992343 6
16992384 6
16992590 6
16992592 6
16993699 6
16998010 6
16998011 6
16998012 6
16998013 6
16998014 6
16998015 6
16998016 6
16998017 6
16998019 6
16998020 6
16998022 6
16998023 6
16998024 6
16998025 6
16998026 6
16998027 6
16998028 6
16998029 6
16998030 6
16998031 6
16998032 6
16998033 6
16998034 6
16998035 6
16998036 6
16998037 6
16998038 6
16998039 6
16998040 6
16998041 6
16998042 6
16998043 6
16998044 6
16998045 6
16998046 6
16998047 6
16998048 6
16998049 6
16998050 6
16998051 6
16998052 6
16998053 6
16998054 6
16998055 6
16998056 6
16998057 6
16998058 6
16998059 6
16998060 6
16998061 6
16998062 6
16998063 6
16998064 6
16998065 6
16998066 6
16998067 6
16998068 6
16998069 6
16998070 6
16998071 6
16998072 6
16998073 6
16998074 6
16998075 6
16998076 6
16998077 6
16998078 6
16998079 6
16998080 6
16998081 6
16998082 6
16998083 6
16998084 6
16998085 6
16998086 6
16998087 6
16998088 6
16998089 6
16998090 6
16998091 6
16998092 6
16998093 6
16998094 6
16998095 6
16998096 6
16998097 6
16998098 6
16998099 6
16998100 6
16998101 6
16998102 6
16998103 6
16998104 6
16998105 6
16998106 6
16998107 6
16998108 6
16998109 6
16998110 6
16998111 6
16998112 6
16998113 6
16998114 6
16998115 6
16998116 6
16998117 6
16998118 6
16998119 6
16998120 6
16998121 6
16998122 6
16998123 6
16998124 6
16998125 6
17000289 6
17000290 6
17000291 6
17000292 6
17000293 6
17000294 6
17003988 6
17003989 6
17003990 6
17003991 6
17003992 6
17003993 6
17003994 6
17003995 6
17003996 6
17003997 6
17003998 6
17003999 6
17004000 6
17004001 6
17004002 6
17004003 6
17004004 6
17004005 6
17004006 6
17004007 6
17004008 6
17004009 6
17004010 6
17004011 6
17004012 6
17004013 6
17004014 6
17004015 6
17004017 6
17004018 6
17004019 6
17004020 6
17004041 6
17004042 6
17004043 6
17004044 6
17004045 6
17004046 6
17004047 6
17004048 6
17004073 6
17004074 6
17004075 6
17004076 6
17004077 6
17004078 6
17004079 6
17004080 6
17004081 6
17004082 6
17004083 6
17004084 6
17004085 6
17004086 6
17004087 6
17004088 6
17004097 6
17004098 6
17004099 6
17004100 6
17004101 6
17004102 6
17004103 6
17004104 6
17004121 6
17004122 6
17004123 6
17004124 6
17004125 6
17004126 6
17004127 6
17004128 6
17004145 6
17004146 6
17004147 6
17004148 6
17004149 6
17004150 6
17004151 6
17004152 6
17004161 6
17004162 6
17004163 6
17004164 6
17004165 6
17004166 6
17004167 6
17004168 6
17004169 6
17004170 6
17004171 6
17004172 6
17004173 6
17004174 6
17004175 6
17004176 6
17004185 6
17004186 6
17004187 6
17004188 6
17004189 6
17004190 6
17004191 6
17004192 6
17004193 6
17004194 6
17004195 6
17004196 6
17004197 6
17004198 6
17004199 6
17004200 6
17004201 6
17004202 6
17004203 6
17004204 6
17004205 6
17004206 6
17004207 6
17004208 6
17004217 6
17004218 6
17004219 6
17004220 6
17004221 6
17004222 6
17004223 6
17004224 6
17004225 6
17004226 6
17004227 6
17004228 6
17004229 6
17004230 6
17004231 6
17004232 6
17004233 6
17004234 6
17004235 6
17004236 6
17004237 6
17004238 6
17004239 6
17004240 6
17004258 6
17004259 6
17004260 6
17004261 6
17004262 6
17004263 6
17004264 6
17004265 6
17004266 6
17004267 6
17004268 6
17004269 6
17004270 6
17004271 6
17004272 6
17004273 6
17004274 6
17004275 6
17004276 6
17004277 6
17004278 6
17004279 6
17004280 6
17004281 6
17004282 6
17004283 6
17004284 6
17004285 6
17004286 6
17004287 6
17004288 6
17004289 6
17004290 6
17004291 6
17004292 6
17004293 6
17004294 6
17004295 6
17004296 6
17004297 6
17004298 6
17004299 6
17004300 6
17004301 6
17004302 6
17004303 6
17004304 6
17004305 6
17004306 6
17004307 6
17004308 6
17004309 6
17004310 6
17004311 6
17004312 6
17004313 6
17004314 6
17004315 6
17004316 6
17004317 6
17004318 6
17004319 6
17004320 6
17004321 6
17004322 6
17004323 6
17004324 6
17004325 6
17004326 6
17004327 6
17004328 6
17004329 6
17004330 6
17004331 6
17004334 6
17004335 6
17004336 6
17004337 6
17004338 6
17004339 6
17004340 6
17004341 6
17004342 6
17004343 6
17004344 6
17004345 6
17004346 6
17004347 6
17004348 6
17004349 6
17004350 6
17004351 6
17004352 6
17004353 6
17004354 6
17004355 6
17004356 6
17004357 6
17004358 6
17004359 6
17004360 6
17004361 6
17004362 6
17004363 6
17004364 6
17004365 6
17004366 6
17004367 6
17004368 6
17004369 6
17004370 6
17004371 6
17004372 6
17004373 6
17004374 6
17004375 6
17004376 6
17004377 6
17004378 6
17004379 6
17004380 6
17004381 6
17004382 6
17004383 6
17004384 6
17004385 6
17004386 6
17004387 6
17004388 6
17004389 6
17004390 6
17004391 6
17004392 6
17004393 6
17004394 6
17004395 6
17004396 6
17004397 6
17004398 6
17004399 6
17004400 6
17004401 6
17004402 6
17004403 6
17004404 6
17004405 6
17004406 6
17004407 6
17004408 6
17004409 6
17004410 6
17004411 6
17004412 6
17004413 6
17004414 6
17004415 6
17004416 6
17004417 6
17004418 6
17004419 6
17004420 6
17004421 6
17004422 6
17004423 6
17005019 6
17005020 6
17005021 6
17005023 6
17005024 6
17005025 6
17005026 6
17005029 6
17005030 6
17005031 6
17005032 6
17005033 6
17005034 6
17005035 6
17005075 6
17005078 6
17005104 6
17005406 6
17008746 6
17008747 6
17008748 6
17008749 6
17008750 6
17008751 6
17008752 6
17008753 6
17008754 6
17008755 6
17008756 6
17008757 6
17008759 6
17008760 6
17008761 6
17008762 6
17008763 6
17008764 6
17008765 6
17008767 6
17008768 6
17008769 6
17008770 6
17008771 6
17008773 6
17008774 6
17008776 6
17008777 6
17008778 6
17008779 6
17008780 6
17008781 6
17008782 6
17008783 6
17008784 6
17008785 6
17008786 6
17008787 6
17008788 6
17008789 6
17008790 6
17008791 6
17008792 6
17008793 6
17008794 6
17008795 6
17008796 6
17008797 6
17008798 6
17008799 6
17008800 6
17008801 6
17008802 6
17008803 6
17008804 6
17008805 6
17008806 6
17008807 6
17008808 6
17008809 6
17008810 6
17008811 6
17008812 6
17008813 6
17008815 6
17008816 6
17008817 6
17008818 6
17008819 6
17008820 6
17008821 6
17008822 6
17008824 6
17008825 6
17008826 6
17008827 6
17008828 6
17008829 6
17008830 6
17008831 6
17008832 6
17008833 6
17008834 6
17008835 6
17008836 6
17008837 6
17008838 6
17008839 6
17008840 6
17008842 6
17008843 6
17008844 6
17008846 6
17008847 6
17008848 6
17008849 6
17008850 6
17008851 6
17008855 6
17008856 6
17008857 6
17008859 6
17008861 6
17008862 6
17008863 6
17008864 6
17008865 6
17008866 6
17008867 6
17008868 6
17008869 6
17008870 6
17008871 6
17008872 6
17008873 6
17008874 6
17008875 6
17008876 6
17008877 6
17008878 6
17008879 6
17008880 6
17008881 6
17008882 6
17008883 6
17008884 6
17008885 6
17008886 6
17008887 6
17008888 6
17008889 6
17008890 6
17008891 6
17008892 6
17008893 6
17008894 6
17008895 6
17008896 6
17008897 6
17008898 6
17008899 6
17008900 6
17008901 6
17008902 6
17008903 6
17008904 6
17008905 6
17008906 6
17008907 6
17008908 6
17008909 6
17008910 6
17008911 6
17008912 6
17008913 6
17008914 6
17008915 6
17008916 6
17008917 6
17008918 6
17008919 6
17008920 6
17008921 6
17008922 6
17010413 6
17010414 6
17010416 6
17010425 6
17010433 6
17010466 6
17011232 6
17011233 6
17011234 6
17011235 6
17011236 6
17011237 6
17011238 6
17011239 6
17011240 6
17011241 6
17011242 6
17011243 6
17011244 6
17011245 6
17011246 6
17011247 6
17011248 6
17011249 6
17011250 6
17011251 6
17011414 6
17011415 6
17011416 6
17011417 6
17011418 6
17011487 6
17011488 6
17011652 6
17011653 6
17011654 6
17011655 6
17011656 6
17011758 6
17011759 6
17011761 6
17011762 6
17011763 6
17011764 6
17011765 6
17011766 6
17011767 6
17011768 6
17011769 6
17011770 6
17011771 6
17011772 6
17011773 6
17011774 6
17011775 6
17011776 6
17011777 6
17011778 6
17011779 6
17011780 6
17011781 6
17011782 6
17011783 6
17011784 6
17011785 6
17011786 6
17011787 6
17011790 6
17011792 6
17011794 6
17011795 6
17011796 6
17011797 6
17011798 6
17011799 6
17011800 6
17011801 6
17011802 6
17011803 6
17011804 6
17011805 6
17011806 6
17012180 6
17012181 6
17012182 6
17012183 6
17012184 6
17012689 6
17012690 6
17012692 6
17012693 6
17012694 6
17012695 6
17012696 6
17012697 6
17015030 6
17015031 6
17015033 6
17015034 6
17015035 6
17015036 6
17015037 6
17015038 6
17015039 6
17015040 6
17015041 6
17015042 6
17016728 6
17016729 6
17016730 6
17016731 6
17016732 6
17016733 6
17016734 6
17016735 6
17016736 6
17016737 6
17016738 6
17016739 6
17016740 6
17016741 6
17016742 6
17016743 6
17016745 6
17016746 6
17016747 6
17016748 6
17016749 6
17016750 6
17016751 6
17016752 6
17016753 6
17016754 6
17016755 6
17016756 6
17016757 6
17016758 6
17016759 6
17016760 6
17016763 6
17016764 6
17016765 6
17016766 6
17016767 6
17016768 6
17016769 6
17016770 6
17016771 6
17016772 6
17016773 6
17016774 6
17016775 6
17016776 6
17016777 6
17016778 6
17016781 6
17016788 6
17016790 6
17016791 6
17016793 6
17016797 6
17016798 6
17016799 6
17016800 6
17016801 6
17016802 6
17016803 6
17016804 6
17016805 6
17016806 6
17016807 6
17017236 6
17017237 6
17017238 6
17017239 6
17017240 6
17017241 6
17017242 6
17017243 6
17017244 6
17017245 6
17017246 6
17017247 6
17017248 6
17017249 6
17017250 6
17017251 6
17017252 6
17017253 6
17017254 6
17017255 6
17017256 6
17017257 6
17017258 6
17017259 6
17017260 6
17017261 6
17017262 6
17017263 6
17017264 6
17017265 6
17017266 6
17017267 6
17017268 6
17017269 6
17017270 6
17017271 6
17017272 6
17017273 6
17017274 6
17017275 6
17017276 6
17017277 6
17017278 6
17017279 6
17017280 6
17017281 6
17017282 6
17017283 6
17017284 6
17017285 6
17017286 6
17017287 6
17017288 6
17017289 6
17017290 6
17017291 6
17017292 6
17017293 6
17017294 6
17017295 6
17017296 6
17017297 6
17017298 6
17017299 6
17017300 6
17017301 6
17017302 6
17017303 6
17017304 6
17017305 6
17017306 6
17017307 6
17017308 6
17017309 6
17017311 6
17017312 6
17017313 6
17017314 6
17017315 6
17017316 6
17017317 6
17017318 6
17017319 6
17017320 6
17017321 6
17017322 6
17017323 6
17017324 6
17017325 6
17017326 6
17017338 6
17017339 6
17017340 6
17017341 6
17017342 6
17017343 6
17017344 6
17017345 6
17017346 6
17017347 6
17017350 6
17017351 6
17017352 6
17017353 6
17017354 6
17017355 6
17017356 6
17017357 6
17017358 6
17017359 6
17017360 6
17017361 6
17017362 6
17017363 6
17017364 6
17017365 6
17017366 6
17017367 6
17017368 6
17017369 6
17018209 6
17019925 6
17023271 6
17023272 6
17023273 6
17023274 6
17023275 6
17023276 6
17023277 6
17023278 6
17028701 6
17028702 6
17028749 6
17028750 6
17029148 6
17030164 6
17040221 6
17040222 6
17040223 6
17040231 6
17040232 6
17040233 6
17041151 6
17041152 6
17041153 6
17044585 6
17047217 6
17047218 6
17047219 6
17047221 6
17047224 6
17047225 6
17047231 6
17047232 6
17047234 6
17047237 6
17047239 6
17047240 6
17047241 6
17047246 6
17047247 6
17047248 6
17047258 6
17047261 6
17047443 6
17047444 6
17047445 6
17047446 6
17047447 6
17047472 6
17047476 6
17047477 6
17048311 6
17048312 6
17048313 6
17048314 6
17048417 6
17048418 6
17048419 6
17048420 6
17048421 6
17048422 6
17048423 6
17048424 6
17048425 6
17048426 6
17048427 6
17048428 6
17048429 6
17048430 6
17048431 6
17048432 6
17048433 6
17048434 6
17049123 6
17049137 6
17049138 6
17049139 6
17049140 6
17049141 6
17049142 6
17049143 6
17049144 6
17049145 6
17049146 6
17049147 6
17049148 6
17049149 6
17049150 6
17049151 6
17049152 6
17049153 6
17049154 6
17049155 6
17049164 6
17049165 6
17049166 6
17049167 6
17049169 6
17049170 6
17049172 6
17049173 6
17049175 6
17049279 6
17049292 6
17049293 6
17049294 6
17049295 6
17049296 6
17049297 6
17049298 6
17049299 6
17049300 6
17049301 6
17049302 6
17049303 6
17049304 6
17049305 6
17049306 6
17049307 6
17049308 6
17049309 6
17049310 6
17049315 6
17049316 6
17049317 6
17049318 6
17049319 6
17049320 6
17049322 6
17049323 6
17049324 6
17049609 6
17049627 6
17049630 6
17049631 6
17049707 6
17050173 6
17050174 6
17050212 6
17050214 6
17050215 6
17050219 6
17050221 6
17050223 6
17050300 6
17050304 6
17050305 6
17050353 6
17050505 6
17050509 6
17050513 6
17050514 6
17050672 6
17050673 6
17050853 6
17050859 6
17050861 6
17050862 6
17050863 6
17051020 6
17051021 6
17051022 6
17051023 6
17051024 6
17051025 6
17051026 6
17051027 6
17051033 6
17051035 6
17051036 6
17051040 6
17051041 6
17051043 6
17051045 6
17051055 6
17051056 6
17051057 6
17051058 6
17051059 6
17051062 6
17051100 6
17051101 6
17051102 6
17051103 6
17051104 6
17051105 6
17051106 6
17051107 6
17051108 6
17051109 6
17051110 6
17051111 6
17051112 6
17051113 6
17051114 6
17051115 6
17051116 6
17051117 6
17051118 6
17051119 6
17051120 6
17051121 6
17051122 6
17051123 6
17051124 6
17051125 6
17051126 6
17051127 6
17051128 6
17051129 6
17051130 6
17051131 6
17051132 6
17051133 6
17051134 6
17051135 6
17051136 6
17051137 6
17051138 6
17051139 6
17051140 6
17051141 6
17051142 6
17051143 6
17051144 6
17051145 6
17051146 6
17051147 6
17051148 6
17051149 6
17051150 6
17051151 6
17051152 6
17051153 6
17051154 6
17051155 6
17051156 6
17051157 6
17051158 6
17051159 6
17051160 6
17051161 6
17051162 6
17051163 6
17051164 6
17051165 6
17051166 6
17051167 6
17051258 6
17051264 6
17051265 6
17051284 6
17051308 6
17051365 6
17051368 6
17051371 6
17051374 6
17051375 6
17052506 6
17053847 6
17054272 6
17054273 6
17054274 6
17054275 6
17054276 6
17054277 6
17054278 6
17054279 6
17054280 6
17054281 6
17054282 6
17054283 6
17054284 6
17054285 6
17054286 6
17054287 6
17054288 6
17054289 6
17054290 6
17054291 6
17054292 6
17054293 6
17054294 6
17054295 6
17054429 6
17056240 6
17056241 6
17056242 6
17056244 6
17056245 6
17056246 6
17056247 6
17056248 6
17056249 6
17056250 6
17056251 6
17056252 6
17056253 6
17056254 6
17056255 6
17056256 6
17056257 6
17056258 6
17056753 6
17057080 6
17057081 6
17057083 6
17057084 6
17057085 6
17057086 6
17057090 6
17057091 6
17057092 6
17057093 6
17057110 6
17057111 6
17057112 6
17057113 6
17057114 6
17057115 6
17057116 6
17057311 6
17057312 6
17057520 6
17057579 6
17057828 6
17058230 6
17058362 6
17058462 6
17058516 6
17058543 6
17058864 6
17058881 6
17059141 6
17059142 6
17059209 6
17059223 6
17059224 6
17059228 6
17059235 6
17059239 6
17059245 6
17059263 6
17059286 6
17059622 6
17059647 6
17059767 6
17059773 6
17059776 6
17059777 6
17059852 6
17059853 6
17059855 6
17059858 6
17059870 6
17059871 6
17059874 6
17059927 6
17059933 6
17059936 6
17059937 6
17059994 6
17060471 6
17060475 6
17060577 6
17060676 6
17060678 6
17060687 6
17060689 6
17060696 6
17061283 6
17061381 6
17061382 6
17061383 6
17061389 6
17061390 6
17061392 6
17061393 6
17061401 6
17061403 6
17061408 6
17061409 6
17061430 6
17061446 6
17061473 6
17061477 6
17061478 6
17061482 6
17061484 6
17061498 6
17061502 6
17061503 6
17061536 6
17061537 6
17061538 6
17061539 6
17061577 6
17061602 6
17061615 6
17061616 6
17061617 6
17061619 6
17061882 6
17061884 6
17061912 6
17061916 6
17061918 6
17061920 6
17061931 6
17061932 6
17062259 6
17062320 6
17062407 6
17062408 6
17062428 6
17062444 6
17062452 6
17062454 6
17062455 6
17062469 6
17062470 6
17062471 6
17062480 6
17062484 6
17062485 6
17062488 6
17062489 6
17062490 6
17062498 6
17062499 6
17062508 6
17062544 6
17062545 6
17062546 6
17062547 6
17062548 6
17062554 6
17062555 6
17062560 6
17062561 6
17062562 6
17062563 6
17062564 6
17062566 6
17062567 6
17062575 6
17062578 6
17062582 6
17063749 6
17063750 6
17063751 6
17063752 6
17063753 6
17063756 6
17063757 6
17063770 6
17063944 6
17063945 6
17063946 6
17063947 6
17063948 6
17063949 6
17063950 6
17063951 6
17063956 6
17063957 6
17063958 6
17063959 6
17063960 6
17063961 6
17063962 6
17063964 6
17063965 6
17063966 6
17063967 6
17063968 6
17063969 6
17063970 6
17063971 6
17064194 6
17064195 6
17064196 6
